1 5 1 4 4
1 20 4 1 4
1 2 3 3 3
2 1 3 1 1
2 3 2 3 3
2 14 3 4 4
3 2 2 1 1
3 7 1 4 4
3 17 4 3 4
4 5 1 3 3
5 4 1 1 1
5 1 1 2 2
5 9 1 4 4
5 6 1 3 3
6 5 1 1 1
7 3 1 2 2
8 9 1 3 3
9 8 1 1 1
9 5 1 2 2
9 12 1 4 4
9 10 1 3 3
10 9 1 1 1
11 12 1 3 3
12 11 1 1 1
12 9 1 2 2
12 18 1 4 4
12 13 1 3 3
13 12 1 1 1
14 2 3 2 2
14 23 2 4 4
14 15 1 3 3
15 14 1 1 1
16 17 1 3 3
17 16 1 1 1
17 26 2 4 4
17 3 4 2 1
18 12 1 2 2
18 19 1 3 3
18 22 1 4 4
19 18 1 1 1
20 1 4 2 3
20 21 2 3 3
20 35 3 4 4
21 20 2 1 1
21 27 1 4 4
21 22 1 3 3
22 21 1 1 1
22 18 1 2 2
22 30 2 4 4
22 23 3 3 3
23 22 3 1 1
23 28 1 4 4
23 14 2 2 2
23 24 1 3 3
24 23 1 1 1
24 32 3 4 4
24 25 2 3 3
25 24 2 1 1
25 26 1 3 3
25 29 1 4 4
26 25 1 1 1
26 17 2 2 2
26 37 4 4 1
27 21 1 2 2
28 23 1 2 2
29 25 1 2 2
30 36 2 4 4
30 22 2 2 2
30 31 1 3 3
31 30 1 1 1
32 37 2 4 4
32 24 3 2 2
32 33 1 3 3
33 32 1 1 1
34 35 1 1 1
35 20 3 2 2
35 36 2 4 3
35 34 1 3 3
36 35 2 1 2
36 30 2 2 2
36 37 3 3 3
37 36 3 1 1
37 26 4 3 2
37 32 2 2 2
38 38 38 38 38
